0 0 400 300
400 0 400 300
800 0 400 300
1200 0 400 300
1600 0 400 300
2000 0 400 300
2400 0 400 300
2800 0 400 300
3200 0 400 300
3600 0 400 300
4000 0 400 300
4400 0 400 300
4800 0 400 300
5200 0 400 300
5600 0 400 300
6000 0 400 300
6400 0 400 300
6800 0 400 300
7200 0 400 300
7600 0 400 300
8000 0 400 300
8400 0 400 300
8800 0 400 300
9200 0 400 300
9600 0 400 300
10000 0 400 300
10400 0 400 300
10800 0 400 300
11200 0 400 300
11600 0 400 300
12000 0 400 300
12400 0 400 300
12800 0 400 300
13200 0 400 300
13600 0 400 300
14000 0 400 300
14400 0 400 300
14800 0 400 300
15200 0 400 300
15600 0 400 300
16000 0 400 300
16400 0 400 300
16800 0 400 300
17200 0 400 300
17600 0 400 300
18000 0 400 300
18400 0 400 300
18800 0 400 300
19200 0 400 300
19600 0 400 300
20000 0 400 300
20400 0 400 300
20800 0 400 300
21200 0 400 300
21600 0 400 300
22000 0 400 300
22400 0 400 300
22800 0 400 300
23200 0 400 300
23600 0 400 300
24000 0 400 300
24400 0 400 300
24800 0 400 300
25200 0 400 300
25600 0 400 300
26000 0 400 300
26400 0 400 300
26800 0 400 300
27200 0 400 300
27600 0 400 300
28000 0 400 300
28400 0 400 300
28800 0 400 300
29200 0 400 300
29600 0 400 300
30000 0 400 300
30400 0 400 300
30800 0 400 300
31200 0 400 300
31600 0 400 300
32000 0 400 300
32400 0 400 300
32800 0 400 300
33200 0 400 300
33600 0 400 300
34000 0 400 300
34400 0 400 300
34800 0 400 300
35200 0 400 300
35600 0 400 300
36000 0 400 300
36400 0 400 300
36800 0 400 300
37200 0 400 300
37600 0 400 300
38000 0 400 300
38400 0 400 300
38800 0 400 300
39200 0 400 300
39600 0 400 300
40000 0 400 300
40400 0 400 300
40800 0 400 300
41200 0 400 300
41600 0 400 300
42000 0 400 300
42400 0 400 300
42800 0 400 300
43200 0 400 300
43600 0 400 300
44000 0 400 300
44400 0 400 300
44800 0 400 300
